CI1261    1260.736  0.039370  1.868e8	12.0107		11.26030
CI1276    1276.483  0.004502  8.790E7	12.0107		11.26030
CI1277    1277.245  0.096650  2.590E8	12.0107		11.26030
CI1280    1280.135  0.024320  1.063E8   12.0107		11.26030
CI1329    1328.833  0.058040  2.203E8	12.0107		11.26030   
CI1560    1560.309  0.080410  1.321e8	12.0107		11.26030    
CI1657    1656.928  0.140500  3.410e8  	12.0107		11.26030
CII1335   1334.5323 0.1278    2.870e8  	12.0107 	24.38331
CIV1548   1548.195  0.190800  2.654E8   12.0107		64.49390
CIV1551   1550.770  0.095220  2.641E8   12.0107		64.49390
NV1239    1238.821  0.157000  3.411e8  	14.0067 	97.89013
NV1243    1242.804  0.078230  3.378e8  	14.0067 	97.89013
OI1356    1355.5977 1.248e-6  4.530E3  	15.9994 	13.618054
OI1302    1302.1685 0.048870  5.750e8  	15.9994		13.618054
OVI1032   1031.927  0.132900  4.163e8  	15.9994		138.1196
OVI1038   1037.616  0.066090  4.095e8  	15.9994		138.1196
NaI5892   5891.583  0.655000  6.300e7	22.989770	5.139075
NaI5898   5897.558  0.327000  6.280e7	22.989770	5.139075
NaI3303   3303.320  0.013400  2.000E8	22.989770	5.139075
NaI3304   3303.930  0.006700  2.000E8	22.989770	5.139075
MgI2853   2852.964  1.810000  4.950e8	24.3050		7.646231
MgI2026   2026.477  0.112000  1.200e8	24.3050		7.646231
MgI1828   1827.935  0.024500  2.000E8	24.3050		7.646231
MgI1748   1747.7937 0.009343  6.800e6	24.3050		7.646231
MgI1707   1707.061  0.004142  3.160e6	24.3050		7.646231
MgII2796  2796.352  0.6123    2.612e8  	24.3050		15.035255
MgII2803  2803.531  0.3054    2.592e8  	24.3050		15.035255
MgII1240  1240.3947 0.0001337 5.796e5  	24.3050		15.035255
MgII1240  1239.9253 0.0002675 5.802e5  	24.3050		15.035255
AlI3945   3945.122  0.116934  2.000E8  	26.981538	5.985755
AlI3083   3083.048  0.177427  2.000E8  	26.981538	5.985755
AlI2367   2367.0530 0.1211    7.204e7  	26.981538	5.985755
AlI2263   2263.4634 0.1017    6.616e7  	26.981538	5.985755
AlII1671  1670.787  1.880000  1.460e9  	26.981538	18.82857
AlIII1863 1862.790  0.268000  2.000E8  	26.981538	28.44764
AlIII1855 1854.716  0.539000  2.000E8  	26.981538	28.44764
SiI2515   2515.073  0.162000  2.000E8	28.0855		8.151683
SiI1846   1845.520  0.229000  1.496e8	28.0855		8.151683
SiI1631   1631.1705 0.2051    1.714e8	28.0855		8.151683
SiI1562   1562.002  0.3758    3.425e8	28.0855		8.151683
SiII2335  2335.123  3.720E-6  7.550e3   28.0855		16.345845
SiII1808  1808.0126 0.00208   6.749e6	28.0855		16.345845
SiII1527  1526.707  0.230300  1.960E9   28.0855		16.345845
SiII1304  1304.370  0.147300  1.720E9   28.0855		16.345845
SiII1260  1260.422  1.007000  2.533E9   28.0855		16.345845
SiIV1394  1393.755  0.528000  9.200e8	28.0855		45.14179
SiIV1403  1402.770  0.262000  9.030e8	28.0855		45.14179
PI1775    1774.9487 0.1543    2.177e8	30.973761	10.48669
PII1302   1301.874  0.017250  2.263E7   30.973761	19.76947
PIII1335  1334.813  0.025290  5.659E7   30.973761	30.20264
SI1807    1807.3113 0.1105    6.700e8  	32.065		10.3600
SI1474    1473.9943 0.07296   1.600e8   32.065		10.3600
SI1425    1425.0299 0.1918    4.500e8   32.065		10.3600
SI1296    1295.6531 0.1233    4.900e8   32.065		10.3600
SII1260   1259.519  0.01624   4.560e7   32.065		23.33788
SII1254   1253.811  0.01088   4.620e7   32.065		23.33788
SII1251   1250.584  0.005453  5.260e7   32.065		23.33788
ClI1347   1347.2396 0.1186    5.088e8  	35.453		12.96763
CaI4228   4227.918  1.753     2.180e8  	40.078		6.113158
CaII3935  3934.777  0.6346    1.456e8   40.078		11.87172
CaII3970  3969.591  0.3145    1.414e8   40.078		11.87172
TiII3385  3384.740  0.3401    1.730e8  	47.867		13.5755
TiII3243  3242.929  0.1832    2.350e8   47.867		13.5755
TiII3230  3230.131  0.05861   2.350e8   47.867		13.5755
TiII3074  3073.877  0.1091    2.500e8   47.867		13.5755
TiII3067  3067.245  0.04655   2.500e8   47.867		13.5755
TiIII1299 1298.697  0.09057   6.266e8  	47.867		27.49171
CrII2066  2066.161  0.06982   1.636e8  	51.9961		16.4857
CrII2062  2062.234  0.1049    1.646e8   51.9961		16.4857
CrII2056  2056.254  0.1403    1.660e8   51.9961		16.4857
MnII2606  2606.462  0.1927    2.648e8   54.938049 	15.63999
MnII2594  2594.499  0.2710    2.685e8   54.938049 	15.63999
MnII2577  2576.877  0.3508    2.741e8   54.938049 	15.63999
FeI3721   3720.993  0.041190  2.000E8   55.845		7.9024
FeI3022   3021.5189 0.10390   2.000E8   55.845		7.9024
FeI2968   2967.765  0.043800  2.000E8   55.845		7.9024
FeI2720   2719.833  0.119000  2.000E8   55.845		7.9024
FeI2524   2523.608  0.279000  2.000E8   55.845		7.9024
FeI2502   2501.886  0.049600  2.000E8   55.845		7.9024
FeI2484   2484.021  0.557000  2.000E8   55.845		7.9024
FeI2463   2463.392  0.053200  2.000E8   55.845		7.9024
FeI2167   2167.453  0.150000  2.000E8   55.845		7.9024
FeII2600  2600.1729 0.22390   2.700e8   55.845		16.1877
FeII2587  2586.650  0.064570  2.720E8   55.845		16.1877
FeII2383  2382.765  0.3006    3.100E8   55.845		16.1877
FeII2374  2374.4612 0.02818   2.990E8   55.845		16.1877
FeII2368  2367.5905 0.00016   2.379e5   55.845		16.1877
FeII2344  2344.214  0.109700  2.680e8   55.845		16.1877
FeII2261  2260.7805 0.00244   4.849e6   55.845		16.1877
FeII2250  2249.8768 0.00182   4.138e6   55.845		16.1877
FeII1902  1901.7730 0.0001009 2.327E5   55.845		16.1877
FeII1611  1611.2005 0.001345  7.141e5   55.845		16.1877
FeII1608  1608.4449 0.055450  1.996e8   55.845		16.1877
FeII1589  1588.6876 0.0001239 4.092e5   55.845		16.1877
FeII1261  1260.533  0.025000  1.312E8   55.845		16.1877
CoII2059  2059.471  0.012970  1.668e7	58.933200	17.0844
CoII2026  2026.407  0.060500  9.828e7   58.933200	17.0844
CoII2012  2012.161  0.04664   7.684e7   58.933200	17.0844
CoII1941  1941.280  0.07547   1.717e8   58.933200	17.0844
CoII1575  1574.545  0.08012   2.156e8   58.933200	17.0844
CoII1573  1572.648  0.025100  8.705e7   58.933200	17.0844
CoII1553  1552.760  0.01495   4.137e7   58.933200	17.0844
CoII1548  1547.946  0.02453   5.588e7   58.933200	17.0844
NiI2321   2320.744  0.685100  6.942E8   58.6934		7.6374
NiI2312   2311.669  0.376500  4.700E8   58.6934		7.6374
NiII1752  1751.910  0.063800  1.040E8   58.6934		18.168837
NiII1710  1709.600  0.068840  1.571E8   58.6934		18.168837
NiII1742  1741.549  0.103500  2.276E8   58.6934		18.168837
NiII1703  1703.405  0.012240  4.221E7   58.6934		18.168837
NiII1502  1502.148  0.01330   3.932E7   58.6934		18.168837
NiII1468  1467.756  0.022690  5.269E7   58.6934		18.168837
NiII1467  1467.259  0.011110  5.156E7   58.6934		18.168837
NiII1455  1454.842  0.059540  1.877E8   58.6934		18.168837
NiII1393  1393.324  0.022220  7.636E7   58.6934		18.168837
NiII1370  1370.132  0.130900  6.975e8   58.6934		18.168837
NiII1317  1317.217  0.145800  4.205e8   58.6934		18.168837
CuII1359  1358.773  0.380300  9.470e8   63.546		20.29239
ZnII2063  2062.664  0.252900  3.965e8   65.409		17.96439
ZnII2026  2026.136  0.515000  4.184e8   65.409		17.96439
GeII1602  1602.4863 0.1345    9.906e8   72.64		15.934
